 886 9383
6915 2777
8335 7793
 492 5386
1421 6649
  27 2362
  59 8690
3926 7763
3426 540
5736 9172
5368 5211
6429 2567
1530 5782
5123 2862
3135 4067
9802 3929
3058 4022
8167 3069
8456 1393
8042 5011
7373 6229
4919 4421
8537 3784
4324 5198
4370 8315
3526 6413
8980 6091
1873 9956
9170 6862
7281 6996
 925 2305
6327 7084
6505 336
1729 846
5857 1313
3895 6124
 545 9582
3367 8814
 364 5434
3750 4043
6808 1087
7178 7276
3584 5788
2651 5403
2399 2754
5060 9932
3368 9676
  12 7739
8586 6226
7539 8094
 570 795
 378 1434
6601 7467
2902 97
 492 3317
 756 6652
 280 7301
9441 4286
9689 3865
6619 8444

